0.1845304
0.2055904
0.19841539999999996
0.19731729999999997
0.19535960000000002
0.1968211
0.20038680000000003
0.2019718
0.20177600000000004
0.20298819999999998
0.2001623
0.1950656
0.19450569999999998
0.1939965
0.19118609999999997
0.1921878
0.19096049999999998
0.19377319999999998
0.19143520000000003
0.1895136
0.1902029
0.1901001
0.1924888
0.190849
0.1903524
0.1895096
0.1910382
0.1882743
0.1895077
0.1913725
0.1870241
0.1887094
0.1913653
0.1886949
0.1918208
0.1885202
0.1888976
0.19023589999999999
0.19042520000000002
0.1900949
0.1897824
0.1891377
0.18936090000000003
0.1900344
0.1895661
0.1894363
0.1894151
0.1871906
0.18850799999999995
0.1891856
0.187421
