0.208333
0.206897
0.208333
0.206897
0.208333
0.209790
0.206897
0.182927
0.206897
0.208333
0.206186
0.205832
0.205128
0.204778
0.204082
0.205479
0.205479
0.205128
0.205479
0.203735
0.199852
0.198384
0.200445
0.199409
0.198092
0.199557
0.199409
0.185567
0.199704
0.198529
0.199418
0.198593
0.188605
0.199584
0.200334
0.199336
0.195043
0.199005
0.194726
0.180113
0.196335
0.197785
0.197420
0.197316
0.197889
0.195669
0.196850
0.196954
0.197265
0.197681
0.194770
0.196364
0.198274
0.196937
0.195688
0.194981
0.197838
0.197984
0.197694
0.197080
0.201287
0.200710
0.201149
0.200957
0.201425
0.199511
0.200875
0.200109
0.200765
0.199701
0.200292
0.202639
0.202810
0.203046
0.202276
0.202681
0.202382
0.201935
0.201956
0.203067
0.201643
0.202045
0.202770
0.202298
0.201392
0.201509
0.199197
0.201777
0.202062
0.202568
0.203321
0.202785
0.203087
0.201667
0.203128
0.203459
0.203018
0.203597
0.203252
0.201871
0.201891
0.200188
0.201153
0.199769
0.198697
0.201242
0.200254
0.200797
0.195761
0.196876
0.194315
0.195201
0.194551
0.194999
0.194955
0.195087
0.194691
0.195316
0.194665
0.193488
0.194342
0.196003
0.192680
0.194409
0.194633
0.194461
0.194484
0.195647
0.194910
0.194312
0.193466
0.193976
0.194232
0.194631
0.194837
0.193453
0.193957
0.194586
0.192515
0.184268
0.194155
0.185368
0.187126
0.194884
0.190953
0.194407
0.191707
0.194384
0.194609
0.188411
0.193183
0.194563
0.194145
0.193106
0.194204
0.194258
0.193617
0.193451
0.182940
0.164215
0.191209
0.192333
0.193289
0.193458
0.193402
0.195261
0.194919
0.195808
0.195711
0.195817
0.194556
0.193548
0.193622
0.193233
0.193444
0.192880
0.193029
0.193191
0.194412
0.193367
0.192383
0.193189
0.190978
0.188102
0.191681
0.191637
0.191637
0.191475
0.189903
0.190317
0.191049
0.187790
0.186353
0.189606
0.191439
0.190531
0.189627
0.187064
0.191360
0.189060
0.190302
0.190780
0.191634
0.190708
0.191190
0.188223
0.190672
0.188730
0.190730
0.189224
0.190764
0.181310
0.192079
0.189873
0.191317
0.191375
0.191504
0.192046
0.191509
0.191693
0.192343
0.192836
0.191970
0.192744
0.192119
0.193541
0.193452
0.192117
0.192073
0.193615
0.192683
0.190499
0.192417
0.193752
0.192449
0.192413
0.192543
0.193254
0.174865
0.192363
0.190626
0.186126
0.191048
0.192608
0.191675
0.190091
0.189377
0.190141
0.189469
0.187027
0.185155
0.188549
0.189384
0.189793
0.190021
0.192047
0.190133
0.191319
0.191668
0.190560
0.191533
0.191367
0.190229
0.191508
0.190928
0.190779
0.191414
0.191141
0.190923
0.188481
0.190745
0.191743
0.192338
0.191626
0.173918
0.189416
0.180749
0.191870
0.191857
0.187209
0.188794
0.189325
0.189976
0.190024
0.189611
0.189467
0.190896
0.190713
0.189062
0.189732
0.189897
0.189653
0.189639
0.192490
0.192338
0.192479
0.192649
0.192405
0.192443
0.180107
0.190460
0.190268
0.189590
0.190778
0.190026
0.190069
0.189573
0.170868
0.188502
0.189997
0.189293
0.186669
0.188171
0.188971
0.188680
0.190008
0.184066
0.189804
0.191435
0.191888
0.191874
0.192004
0.191535
0.190875
0.190892
0.191601
0.190923
0.191738
0.190323
0.189815
0.186035
0.190000
0.188335
0.187080
0.189340
0.188690
0.188365
0.189774
0.189515
0.191059
0.190721
0.190845
0.191064
0.190680
0.192378
0.192498
0.193119
0.192944
0.192900
0.189492
0.188513
0.190259
0.190027
0.190164
0.188347
0.188201
0.185917
0.186675
0.187607
0.190317
0.191054
0.191290
0.190877
0.187601
0.190183
0.179998
0.189287
0.190326
0.188043
0.189412
0.189165
0.186182
0.190952
0.191190
0.191223
0.192014
0.190290
0.191000
0.190931
0.189875
0.191092
0.191658
0.191036
0.191342
0.189133
0.190853
0.189818
0.189625
0.189820
0.189633
0.189277
0.190318
0.190596
0.190641
0.189696
0.190831
0.189179
0.190628
0.190150
0.190618
0.188226
0.188050
0.188890
0.190329
0.190739
0.190841
0.190412
0.189708
0.190011
0.184737
0.189816
0.188635
0.188143
0.188957
0.190092
0.191071
0.190617
0.190043
0.189266
0.190160
0.189590
0.190668
0.187735
0.189868
0.189916
0.189037
0.189357
0.190579
0.186699
0.190554
0.190819
0.183843
0.189378
0.191300
0.191144
0.191148
0.191309
0.190412
0.190437
0.190712
0.190048
0.190056
0.189584
0.189924
0.189390
0.189328
0.188970
0.189142
0.188507
0.190533
0.190409
0.190560
0.189833
0.188553
0.189073
0.188298
0.189577
0.187732
0.189795
0.188735
0.189850
0.190310
0.188350
0.189643
0.190093
0.190440
0.189561
0.189607
0.187562
0.187946
0.188645
0.189990
0.190123
0.186594
0.190558
0.187428
0.182085
0.180057
0.188480
0.189080
0.190350
0.183014
0.189567
0.190170
0.189949
0.188921
0.185717
0.188659
0.189653
0.190029
0.188951
0.186931
0.190631
0.191001
0.188512
0.190178
0.190123
0.185792
0.189708
0.187421
