0.234375
0.234375
0.234375
0.236220
0.218978
0.236220
0.238095
0.238095
0.236220
0.236220
0.243902
0.242915
0.242915
0.240964
0.243408
0.243408
0.211640
0.242915
0.242424
0.243408
0.239787
0.227848
0.239574
0.240214
0.233766
0.239787
0.237467
0.239574
0.211102
0.239787
0.244898
0.240602
0.229008
0.243779
0.245148
0.245023
0.224824
0.244275
0.242792
0.238687
0.242561
0.242876
0.243191
0.243427
0.242718
0.241702
0.242797
0.243823
0.244061
0.238626
0.242697
0.241179
0.241341
0.239150
0.241503
0.242207
0.238148
0.242152
0.240695
0.241990
0.242494
0.243822
0.243056
0.235050
0.243257
0.243337
0.243056
0.241896
0.243862
0.237480
0.243161
0.241905
0.240843
0.202446
0.214214
0.214645
0.213785
0.212766
0.214549
0.213832
0.213927
0.212859
0.214267
0.214588
0.214835
0.213401
0.232402
0.242177
0.242515
0.240119
0.242974
0.243033
0.241449
0.241235
0.243408
0.241760
0.240867
0.243230
0.241099
0.242092
0.240972
0.241469
0.241774
0.240812
0.240716
0.240206
0.241324
0.240844
0.240429
0.240972
0.240080
0.239242
0.240227
0.239548
0.239680
0.240347
0.239760
0.240227
0.239242
0.239070
0.239614
0.240136
0.240034
0.240125
0.238971
0.238588
0.238442
0.239445
0.237526
0.238948
0.237125
0.236696
0.236848
0.236734
0.235898
0.236277
0.236486
0.235511
0.236239
0.235351
0.234791
0.233977
0.233185
0.236701
0.235331
0.235479
0.234155
0.235717
0.236394
0.236072
0.234275
0.231179
0.232967
0.233463
0.221300
0.233371
0.233925
0.234011
0.232291
0.233847
0.234629
0.233680
0.230187
0.234097
0.231379
0.232315
0.229462
0.232571
0.180036
0.231274
0.228695
0.233183
0.230496
0.231804
0.228545
0.232898
0.229722
0.230660
0.230556
0.231959
0.231435
0.225818
0.220458
0.232958
0.231702
0.231623
0.229775
0.229834
0.231866
0.230612
0.231111
0.230017
0.218452
0.228563
0.231085
0.227251
0.203607
0.230579
0.231696
0.227834
0.223306
0.218609
0.224591
0.226988
0.230063
0.227234
0.227238
0.226374
0.232681
0.229871
0.225211
0.230096
0.231756
0.232454
0.228040
0.231793
0.231280
0.226320
0.230707
0.230093
0.211386
0.227475
0.224956
0.229471
0.224571
0.228635
0.217356
0.226433
0.230160
0.228260
0.229726
0.229439
0.229653
0.227617
0.229056
0.229163
0.220955
0.226903
0.229720
0.229558
0.228124
0.228533
0.227248
0.227667
0.226032
0.230914
0.231159
0.229111
0.231099
0.229844
0.226549
0.229643
0.228718
0.226180
0.225825
0.227817
0.229500
0.229549
0.228783
0.225938
0.226886
0.228240
0.227829
0.225729
0.211451
0.219097
0.213170
0.225736
0.228012
0.226696
0.226885
0.230615
0.229052
0.227973
0.228805
0.228378
0.229806
0.229318
0.228301
0.229235
0.225620
0.219954
0.227574
0.228858
0.226550
0.227936
0.225234
0.227551
0.226306
0.229064
0.224368
0.224458
0.226696
0.225843
0.226502
0.226580
0.227330
0.225122
0.228266
0.229247
0.227992
0.226622
0.227373
0.224529
0.226960
0.227405
0.227205
0.227862
0.227939
0.226249
0.228127
0.227897
0.227804
0.228012
0.225398
0.228156
0.225498
0.228563
0.223189
0.223735
0.227056
0.227118
0.227907
0.222762
0.227824
0.215110
0.226217
0.227505
0.228232
0.224473
0.227204
0.228636
0.227525
0.229085
0.227876
0.225727
0.225543
0.227268
0.226971
0.226910
0.227283
0.226926
0.228221
0.227824
0.223452
0.225285
0.216213
0.228274
0.227996
0.229289
0.227529
0.226358
0.227479
0.211283
0.226695
0.223231
0.225168
0.226785
0.226123
0.226762
0.225877
0.227326
0.223140
0.226549
0.225848
0.223486
0.224089
0.226085
0.229475
0.225883
0.228688
0.228748
0.226442
0.226885
0.225431
0.226242
0.225947
0.227650
0.227648
0.228444
0.227289
0.227979
0.223967
0.226462
0.225898
0.225642
0.225034
0.229158
0.227082
0.228317
0.225259
0.227664
0.223981
0.226689
0.218980
0.227982
0.224084
0.227017
0.225575
0.226619
0.224974
0.228281
0.226691
0.227994
0.227394
0.224844
0.226253
0.226076
0.225149
0.226293
0.225959
0.223216
0.225370
0.225526
0.226714
0.227318
0.226042
0.226496
0.226164
0.226703
0.213410
0.223470
0.224606
0.222534
0.223357
0.207301
0.224569
0.224331
0.225942
0.223392
0.224137
0.225557
0.225984
0.225989
0.200337
0.223190
0.189061
0.204779
0.214034
0.224931
0.222613
0.224364
0.223899
0.219424
0.222703
0.224336
0.226171
0.226196
0.221512
0.225820
0.222872
0.210697
0.224899
0.226035
0.225268
0.224709
0.209125
0.223320
0.220781
0.220088
0.201307
0.219265
0.222543
0.221502
0.223689
0.213687
0.224061
0.222010
0.223249
0.223159
0.223971
0.224496
0.227892
0.227335
0.227815
0.227080
0.227181
0.224842
0.226247
0.226007
0.225688
0.225839
0.227383
0.226231
0.226672
0.225967
0.225492
0.226544
0.226788
0.224786
0.227499
0.223774
0.225443
0.225660
0.224953
0.226566
0.224981
0.223859
0.228093
0.223658
