0.21069529999999997
0.23907110000000004
0.23525269999999998
0.2400136
0.2425843
0.24076980000000003
0.24218199999999998
0.22357939999999993
0.2214803
0.24191740000000003
0.24106379999999997
0.23993250000000002
0.23919510000000002
0.23667619999999995
0.2351081
0.2322854
0.22722030000000001
0.2307833
0.2297428
0.2262973
0.22649179999999997
0.22975279999999998
0.22505360000000002
0.22804919999999998
0.22894450000000002
0.22824079999999997
0.22320880000000004
0.2285829
0.2264818
0.22642289999999998
0.22731340000000003
0.2268893
0.22534659999999995
0.22703079999999995
0.2258384
0.224994
0.22586369999999997
0.2269564
0.22669550000000002
0.22555479999999997
0.22642750000000006
0.2259098
0.22162230000000002
0.215646
0.2236149
0.22135259999999998
0.2191401
0.2260018
0.22626110000000002
0.2255614
0.22365799999999998
