0.0942213
0.1080479
0.1060392
0.1074271
0.1069629
0.10066939999999999
0.1006567
0.10401660000000001
0.1050554
0.10602
0.10542789999999998
0.1048479
0.10381180000000001
0.1032489
0.10045319999999999
0.10168409999999999
0.10248290000000002
0.10268830000000002
0.10190879999999998
0.10226070000000001
0.1028921
0.1032897
0.10248329999999999
0.10238119999999999
0.1021787
0.10262660000000001
0.10282709999999999
0.10189390000000001
0.1011457
0.10078800000000002
0.10088559999999999
0.10180680000000002
0.10125139999999999
0.10162449999999998
0.1022431
0.10197720000000002
0.1027202
0.1022872
0.1009082
0.1007085
0.10019829999999999
0.1006906
0.1026194
0.10259290000000001
0.10264290000000001
0.10261349999999998
0.1023628
0.10205820000000002
0.1016716
0.1025488
0.102775
