0.205479
0.205479
0.198675
0.205479
0.206897
0.208333
0.204082
0.204082
0.205479
0.205479
0.209059
0.209790
0.209790
0.207972
0.206897
0.204429
0.207972
0.207612
0.209424
0.208333
0.201945
0.183424
0.201945
0.202247
0.174644
0.200594
0.202399
0.201192
0.198529
0.199557
0.207433
0.204778
0.206186
0.205744
0.201258
0.206097
0.205567
0.204866
0.198429
0.193783
0.196902
0.203142
0.203915
0.201396
0.202812
0.200803
0.200000
0.202648
0.201776
0.202211
0.203889
0.205323
0.206540
0.205675
0.203275
0.205989
0.204043
0.195972
0.205206
0.204352
0.205050
0.203095
0.205508
0.205508
0.204992
0.205050
0.204252
0.205336
0.204479
0.200245
0.207882
0.207120
0.206807
0.207995
0.200438
0.207747
0.207097
0.207590
0.203778
0.207187
0.207550
0.207126
0.206897
0.207161
0.208745
0.206107
0.191776
0.206668
0.209302
0.207906
0.208580
0.209541
0.209263
0.208783
0.203224
0.202675
0.202388
0.203874
0.203073
0.202895
0.203134
0.203887
0.202725
0.203578
0.201275
0.203270
0.203043
0.202567
0.203727
0.201052
0.199630
0.199106
0.200074
0.199584
0.199032
0.200176
0.199538
0.199686
0.199520
0.199336
0.197962
0.198031
0.197753
0.195912
0.197253
0.197630
0.197261
0.197054
0.197108
0.197645
0.198026
0.198066
0.197980
0.198709
0.198173
0.201875
0.202284
0.201840
0.201930
0.201612
0.200953
0.200833
0.200422
0.200618
0.200184
0.200041
0.201878
0.200779
0.200113
0.200869
0.201744
0.200136
0.200136
0.200172
0.202084
0.200162
0.200501
0.200229
0.200224
0.200052
0.199310
0.204312
0.204491
0.203068
0.203612
0.204260
0.203473
0.203531
0.204197
0.203064
0.202306
0.200914
0.201714
0.200976
0.199889
0.201246
0.201017
0.185447
0.197557
0.202897
0.199517
0.187464
0.193815
0.194072
0.194250
0.193735
0.194243
0.193763
0.194375
0.193968
0.193458
0.188653
0.194786
0.193452
0.193858
0.193072
0.196149
0.194963
0.196178
0.193520
0.194545
0.194888
0.197025
0.196577
0.199052
0.196396
0.196793
0.193713
0.197001
0.196641
0.199810
0.197564
0.198195
0.197702
0.198488
0.195453
0.197285
0.197996
0.186532
0.195819
0.199668
0.198877
0.198006
0.191041
0.190667
0.190791
0.191269
0.191586
0.191748
0.191062
0.192997
0.188256
0.190849
0.191388
0.192032
0.193183
0.192115
0.189007
0.177324
0.192062
0.194027
0.189814
0.192052
0.192337
0.193562
0.194290
0.194391
0.195170
0.191918
0.193887
0.194564
0.192697
0.193593
0.196371
0.195000
0.195880
0.196211
0.195602
0.196054
0.196691
0.194542
0.196568
0.193773
0.192748
0.193362
0.194441
0.194108
0.192484
0.193292
0.193429
0.192303
0.183133
0.191353
0.192947
0.192741
0.193013
0.192160
0.193037
0.194875
0.191428
0.195093
0.195536
0.196521
0.187641
0.195407
0.193832
0.193935
0.194843
0.195084
0.195492
0.193242
0.193590
0.194482
0.193846
0.194582
0.193829
0.194930
0.194977
0.194571
0.193486
0.196792
0.196624
0.197212
0.196920
0.195476
0.193956
0.191279
0.192008
0.187523
0.191458
0.192816
0.193898
0.192415
0.193545
0.192540
0.193061
0.193729
0.193689
0.193849
0.194165
0.190827
0.190750
0.179555
0.191757
0.193449
0.193473
0.193664
0.193960
0.193401
0.195354
0.188463
0.195836
0.195300
0.195407
0.192673
0.192447
0.183425
0.184905
0.189878
0.188476
0.193025
0.192784
0.191101
0.186833
0.188809
0.190634
0.187670
0.192976
0.191683
0.193169
0.190773
0.192158
0.190656
0.190964
0.189080
0.177489
0.194936
0.195724
0.185814
0.193628
0.193511
0.194307
0.193337
0.191673
0.190982
0.192672
0.192869
0.194280
0.193382
0.193552
0.193888
0.192352
0.193613
0.196422
0.196023
0.195786
0.195927
0.192315
0.193713
0.192053
0.192508
0.191562
0.192599
0.191293
0.195352
0.196769
0.196357
0.195033
0.195874
0.195287
0.193852
0.192190
0.193018
0.192717
0.190992
0.191426
0.193115
0.189383
0.192913
0.193316
0.192876
0.191646
0.191600
0.191446
0.194921
0.194587
0.195113
0.194698
0.192873
0.183627
0.193213
0.193034
0.193044
0.190857
0.183477
0.188627
0.190544
0.174827
0.195526
0.194557
0.173862
0.182118
0.174587
0.191078
0.189587
0.188019
0.182301
0.187036
0.189738
0.186511
0.189273
0.188804
0.191279
0.183527
0.192866
0.193610
0.195011
0.193932
0.192535
0.185779
0.185989
0.193904
0.175717
0.191479
0.193828
0.193405
0.192653
0.191799
0.191068
0.192543
0.193297
0.193179
0.193745
0.194247
0.193892
0.194867
0.193470
0.195184
0.193127
0.194425
0.194466
0.196464
0.192741
0.193667
0.194881
0.195581
0.192033
0.196077
0.195141
0.195830
0.192865
0.194251
0.193695
0.191379
0.194028
0.194663
0.192676
0.190616
0.189949
0.178261
0.190111
0.191932
0.190386
0.190120
0.190881
0.192439
0.194342
0.192509
0.194961
0.184752
0.194478
0.194804
0.194719
0.193404
0.192037
0.193705
0.194167
0.181131
0.193098
0.193532
