0.21403169999999996
0.23333749999999998
0.23992039999999998
0.2302224
0.23488000000000003
0.23717930000000004
0.2412582
0.2393114
0.24033129999999997
0.23928179999999996
0.23959319999999998
0.23444569999999998
0.23078159999999998
0.23494140000000002
0.23408020000000002
0.23464130000000005
0.23027909999999996
0.22965210000000003
0.22753739999999997
0.2269329
0.22568510000000003
0.2192672
0.2163161
0.22145580000000004
0.22428499999999998
0.22364829999999997
0.22562550000000003
0.22534279999999995
0.22655560000000002
0.22169750000000002
0.22392810000000002
0.22059879999999996
0.22067690000000004
0.22416360000000002
0.2243996
0.22354009999999996
0.2227208
0.22206259999999997
0.22422169999999997
0.22118870000000004
0.2206784
0.22167900000000001
0.22111830000000002
0.22376849999999998
0.2237588
0.2243305
0.2237778
0.2180605
0.22280890000000003
0.22229179999999998
0.223128
