0.1843985
0.2078424
0.1975252
0.20399150000000002
0.2007177
0.2038123
0.2047622
0.20566990000000002
0.2058519
0.2059307
0.20301010000000003
0.19973979999999997
0.19753
0.1996528
0.20074329999999999
0.20062569999999996
0.2030306
0.199413
0.1948131
0.1938537
0.19595100000000001
0.19656659999999998
0.1939472
0.18982130000000003
0.1929623
0.1949859
0.1942009
0.19189909999999993
0.193932
0.19435410000000003
0.19412759999999998
0.1931
0.1915001
0.1913688
0.1903991
0.1900763
0.1930641
0.1943591
0.19394
0.1924893
0.19330760000000002
0.18867760000000003
0.18528830000000002
0.19073480000000004
0.1895621
0.1937551
0.1945476
0.1929952
0.19059420000000002
0.19162949999999998
0.193532
