0.240000
0.240000
0.240000
0.238095
0.222222
0.240000
0.240000
0.240000
0.240000
0.240000
0.241449
0.231660
0.241449
0.211268
0.205128
0.240964
0.240964
0.241449
0.239044
0.241935
0.240642
0.240427
0.230375
0.242370
0.238516
0.240427
0.241935
0.241935
0.240642
0.200000
0.243284
0.241449
0.242792
0.232897
0.191693
0.239401
0.241449
0.228898
0.240361
0.241085
0.236817
0.240385
0.239770
0.241080
0.239923
0.237944
0.222420
0.241158
0.208218
0.241624
0.239309
0.243572
0.231462
0.243408
0.243572
0.238569
0.243024
0.235654
0.211599
0.242915
0.242095
0.240314
0.240786
0.242494
0.235388
0.242734
0.243136
0.241023
0.241697
0.242574
0.240783
0.238509
0.242363
0.242516
0.241055
0.241783
0.241388
0.222712
0.239431
0.241692
0.237374
0.236611
0.242249
0.243463
0.240570
0.243731
0.240451
0.238492
0.238680
0.242346
0.244141
0.241041
0.241293
0.230185
0.235831
0.230947
0.240983
0.243744
0.242307
0.243171
0.240828
0.242372
0.237768
0.241469
0.237861
0.239209
0.240780
0.238627
0.233847
0.238863
0.238371
0.237807
0.240628
0.239084
0.234910
0.228016
0.229226
0.219378
0.238174
0.233400
0.232090
0.225143
0.229942
0.216694
0.233264
0.234018
0.237515
0.230549
0.235201
0.238028
0.235511
0.230787
0.234637
0.234590
0.237614
0.235050
0.233565
0.231141
0.238491
0.235501
0.235561
0.230069
0.235553
0.225090
0.238162
0.237258
0.237643
0.230289
0.235676
0.236784
0.233804
0.232875
0.234354
0.236388
0.233740
0.234447
0.231688
0.235749
0.236584
0.232143
0.231188
0.227470
0.235029
0.236278
0.216209
0.233196
0.231509
0.233090
0.226679
0.233888
0.233233
0.230446
0.230840
0.232904
0.232681
0.216809
0.223243
0.229283
0.233194
0.230048
0.228096
0.221395
0.228751
0.225489
0.229809
0.226465
0.227952
0.231381
0.225988
0.224071
0.214278
0.227868
0.231446
0.230574
0.224496
0.230521
0.228567
0.227045
0.230463
0.226360
0.223189
0.232301
0.230003
0.225199
0.226762
0.227058
0.228324
0.219450
0.218205
0.228316
0.226507
0.221389
0.218002
0.223312
0.213718
0.194471
0.227319
0.222022
0.217616
0.225792
0.174834
0.207894
0.221549
0.223786
0.224412
0.222746
0.223852
0.212552
0.225744
0.223307
0.195692
0.226918
0.221712
0.211671
0.223944
0.227875
0.227327
0.228080
0.228032
0.227962
0.226375
0.223827
0.217218
0.225827
0.223249
0.231085
0.218394
0.226097
0.222816
0.227612
0.224056
0.224729
0.221265
0.225896
0.222459
0.228873
0.224108
0.213305
0.224180
0.226602
0.227753
0.224732
0.228821
0.228083
0.226105
0.223464
0.228431
0.225541
0.216723
0.224520
0.226017
0.225296
0.224642
0.225083
0.224487
0.227110
0.224612
0.226363
0.225298
0.228292
0.225352
0.225911
0.228466
0.230215
0.226049
0.225097
0.224406
0.225952
0.225816
0.222244
0.222890
0.218321
0.206498
0.226691
0.226301
0.226495
0.226389
0.220399
0.220747
0.225161
0.221126
0.212515
0.225333
0.226797
0.227301
0.225619
0.223881
0.224290
0.227258
0.226176
0.219295
0.191479
0.224486
0.226472
0.219969
0.222483
0.225622
0.224573
0.225433
0.224611
0.227390
0.226826
0.212980
0.220242
0.216139
0.216665
0.220377
0.220617
0.220922
0.221854
0.224890
0.223730
0.223441
0.225394
0.222465
0.225675
0.224526
0.224732
0.224929
0.225983
0.225571
0.226347
0.224321
0.223202
0.223867
0.225222
0.222952
0.224459
0.222072
0.218641
0.223167
0.222740
0.221503
0.221218
0.224478
0.226016
0.226757
0.225501
0.225380
0.224104
0.225767
0.224931
0.222687
0.223481
0.224489
0.224883
0.219528
0.213659
0.223679
0.222737
0.219129
0.224224
0.223213
0.226109
0.226465
0.225972
0.201029
0.226030
0.225718
0.225806
0.222907
0.222628
0.226412
0.221128
0.222076
0.226751
0.224449
0.223686
0.226374
0.209471
0.224676
0.215320
0.222078
0.225087
0.216486
0.225214
0.225189
0.225305
0.223061
0.223351
0.221913
0.225106
0.223075
0.222718
0.225370
0.214561
0.217902
0.208891
0.223897
0.224414
0.219317
0.224712
0.226085
0.226199
0.220490
0.218595
0.222168
0.215266
0.219544
0.219710
0.222795
0.213472
0.222503
0.226366
0.226803
0.222836
0.210397
0.221008
0.225293
0.223021
0.224519
0.224622
0.223825
0.224500
0.224326
0.224380
0.224205
0.220816
0.223471
0.223341
0.224403
0.225282
0.222023
0.224793
0.223777
0.223530
0.223530
0.222179
0.224730
0.222864
0.223439
0.224976
0.225599
0.224585
0.223859
0.224574
0.225085
0.223111
0.225213
0.223411
0.226076
0.224471
0.223714
0.222286
0.223247
0.224584
0.225287
0.221881
0.222821
0.224476
0.223258
0.196370
0.224050
0.220351
0.225023
0.218415
0.207512
0.219571
0.221579
0.214764
0.225278
0.222649
0.223516
0.222117
0.223829
0.222787
0.225875
0.223129
0.224145
0.223489
0.223540
0.223718
0.225432
0.215206
0.221945
0.220037
0.223510
0.221663
0.224378
0.223128
