0.106383
0.107143
0.107143
0.106383
0.106007
0.107527
0.107143
0.107527
0.086957
0.107527
0.109190
0.108794
0.107527
0.108011
0.107527
0.108794
0.106289
0.109389
0.107431
0.108893
0.106467
0.106425
0.105222
0.104570
0.104287
0.106090
0.106174
0.106090
0.106174
0.106425
0.107287
0.107841
0.106359
0.107768
0.107817
0.106596
0.107914
0.108132
0.108132
0.107962
0.106792
0.107082
0.106716
0.106398
0.106853
0.106443
0.107373
0.107066
0.106944
0.103993
0.107271
0.107367
0.106772
0.107164
0.095163
0.094712
0.094862
0.094612
0.094778
0.094978
0.076249
0.107088
0.106684
0.106987
0.107002
0.106337
0.089286
0.105210
0.106746
0.106777
0.105984
0.105321
0.105640
0.105576
0.105338
0.106195
0.104987
0.089091
0.105257
0.105506
0.104746
0.105428
0.106137
0.105836
0.100918
0.105145
0.105359
0.105638
0.105841
0.105067
0.106097
0.106255
0.106477
0.105571
0.106236
0.106123
0.105943
0.106018
0.106413
0.106345
0.104968
0.105532
0.105511
0.105166
0.105422
0.105505
0.105401
0.105123
0.105306
0.105269
0.105335
0.105222
0.104439
0.104849
0.105030
0.104345
0.104801
0.104839
0.104350
0.104760
0.104362
0.102187
0.104111
0.103434
0.104113
0.103368
0.104332
0.103706
0.103745
0.103893
0.103426
0.102681
0.103948
0.103693
0.103234
0.102675
0.103004
0.102625
0.103310
0.103436
0.103613
0.102737
0.098723
0.103421
0.101579
0.103244
0.084440
0.100584
0.102755
0.090036
0.099991
0.103062
0.103707
0.103058
0.103515
0.103011
0.103443
0.103174
0.103844
0.102973
0.102865
0.101948
0.102387
0.102062
0.102577
0.102697
0.102655
0.102307
0.102358
0.102166
0.102299
0.101156
0.103468
0.103465
0.103399
0.100348
0.103589
0.103460
0.103533
0.102999
0.101789
0.103043
0.100381
0.101074
0.101766
0.102090
0.100494
0.102752
0.102700
0.102362
0.103036
0.103381
0.102798
0.102970
0.102952
0.103139
0.103049
0.095661
0.103259
0.102600
0.102965
0.102433
0.102062
0.102678
0.103368
0.102439
0.103279
0.103211
0.103886
0.103661
0.103606
0.103921
0.102917
0.103911
0.103408
0.102970
0.103011
0.103104
0.102388
0.102264
0.102266
0.102327
0.101542
0.102876
0.102462
0.102896
0.102398
0.102428
0.103374
0.103055
0.102737
0.102058
0.102545
0.102094
0.101814
0.102209
0.102055
0.102613
0.102632
0.101250
0.101084
0.102176
0.102381
0.101958
0.102820
0.102655
0.102275
0.102619
0.102569
0.101766
0.102297
0.102484
0.101955
0.102473
0.102662
0.103080
0.103110
0.103338
0.103101
0.102871
0.102456
0.102911
0.102934
0.103034
0.102936
0.102966
0.102788
0.102808
0.102567
0.102490
0.102635
0.102314
0.102572
0.103095
0.103208
0.103212
0.102664
0.095276
0.101473
0.102551
0.102469
0.094735
0.096754
0.102807
0.102854
0.102066
0.102254
0.102472
0.102495
0.100701
0.103131
0.102753
0.102924
0.099885
0.102156
0.101268
0.102552
0.095777
0.096733
0.102380
0.096727
0.102499
0.102480
0.102923
0.092930
0.102307
0.102815
0.101216
0.102579
0.101717
0.102236
0.102413
0.102538
0.102863
0.100658
0.102425
0.099925
0.102105
0.101188
0.101846
0.101599
0.100783
0.102006
0.098255
0.101405
0.101840
0.101063
0.102437
0.101280
0.101665
0.101870
0.098896
0.099309
0.102178
0.102240
0.102302
0.102014
0.102885
0.102886
0.102106
0.102430
0.102549
0.101678
0.102492
0.102175
0.102559
0.102896
0.101580
0.101966
0.102197
0.101738
0.102635
0.102658
0.102618
0.102674
0.102640
0.102642
0.097454
0.102516
0.102595
0.101963
0.103204
0.103229
0.102795
0.102042
0.102367
0.102923
0.103104
0.102980
0.102438
0.102631
0.101710
0.102201
0.102397
0.102197
0.102256
0.102396
0.102183
0.102463
0.102274
0.097848
0.101950
0.097093
0.102124
0.101815
0.097930
0.102723
0.102545
0.102780
0.100703
0.102714
0.102741
0.097588
0.102105
0.093240
0.102169
0.102264
0.102472
0.101089
0.102051
0.101781
0.101811
0.099367
0.100747
0.099579
0.102103
0.097174
0.102035
0.095335
0.098675
0.101147
0.101966
0.102276
0.097805
0.101514
0.099185
0.101294
0.101817
0.101227
0.102192
0.102796
0.102774
0.102712
0.103107
0.102527
0.101875
0.102812
0.102713
0.102686
0.102257
0.102540
0.102264
0.102255
0.102925
0.102830
0.102952
0.102784
0.102498
0.102624
0.102633
0.102420
0.103003
0.103013
0.102088
0.102332
0.102554
0.102746
0.102852
0.102788
0.102816
0.103294
0.102460
0.102392
0.102936
0.102254
0.102454
0.102614
0.102381
0.102534
0.102626
0.102738
0.102689
0.102130
0.101986
0.102367
0.102566
0.102631
0.101610
0.102285
0.101984
0.102304
0.102795
0.102169
0.099359
0.101435
0.102889
0.102522
0.102583
0.102542
0.102433
0.102363
0.102333
0.102279
0.102397
0.100206
0.101359
0.101952
0.102571
0.098823
0.101812
0.102011
0.102789
0.102188
0.102432
0.102452
0.103294
0.102731
0.102683
0.103096
0.102775
