0.152509
0.148535
0.153838
0.153430
0.151499
0.153375
0.150875
0.152387
0.153858
0.151733
0.153427
0.153542
0.152107
0.151594
0.152161
0.150690
0.151672
0.152746
0.151481
0.152620
0.151291
0.150141
0.153589
0.152916
0.149172
0.151323
0.151448
0.151068
0.154331
0.154821
0.154581
0.151941
0.154483
0.154315
0.152842
0.151436
0.152727
0.154361
0.153269
0.154028
0.151026
0.153292
0.154343
0.145980
0.149333
0.152917
0.150870
0.148274
0.146765
0.147829
0.141170
0.146090
0.151826
0.145855
0.149882
0.152303
0.150396
0.146148
0.151314
0.152158
0.149965
0.151849
0.147637
0.145544
0.142166
0.145396
0.138114
0.141035
0.149417
0.150215
0.152152
0.151520
0.152214
0.148371
0.152133
0.147984
0.152060
0.142518
0.149344
0.146886
0.146602
0.147773
0.149114
0.141712
0.150766
0.148937
0.152344
0.147201
0.143687
0.149071
0.149266
0.150711
0.148334
0.143915
0.130775
0.145062
0.142390
0.152749
0.150777
0.151489
0.149140
0.152525
0.151670
0.151233
0.148905
0.148488
0.153919
0.151939
0.149623
0.148540
0.148405
0.150276
0.147868
0.148154
0.152732
0.149978
0.152451
0.153444
0.149148
0.149697
0.150477
0.153531
0.149803
0.154160
0.150933
0.154466
0.149237
0.149635
0.150648
0.150381
0.151556
0.148969
0.150266
0.152669
0.151875
0.153068
0.149154
0.154368
0.152696
0.153869
0.150056
0.151471
0.150500
0.150360
0.154128
0.154501
0.154232
0.151798
0.154147
0.151617
0.152540
0.151910
0.150060
0.154436
0.148903
0.151174
0.153122
0.150085
0.154047
0.151318
0.154482
0.151383
0.152919
0.151503
0.149676
0.151915
0.150527
0.150537
0.150527
0.153191
0.151858
0.149957
0.150854
0.150704
0.153998
0.152167
0.151549
0.151549
0.151425
0.151254
0.152988
0.150753
0.153944
0.151312
0.154173
0.150963
0.152894
0.153658
0.151384
0.153303
0.153914
0.153362
0.154276
0.152481
0.149901
0.153394
0.152896
0.149815
0.151118
0.153058
0.150600
0.153070
0.150218
0.151026
0.153574
0.151480
0.151622
0.151246
0.153494
0.151661
0.152281
0.150680
0.154110
0.150875
0.150021
0.151444
0.152705
0.152603
0.150180
0.151916
0.150772
0.151978
0.147027
0.152796
0.151751
0.149392
0.148903
0.150753
0.151856
0.148954
0.150436
0.147828
0.145757
0.150261
0.148369
0.151998
0.149453
0.151891
0.143126
0.145649
0.139370
0.146764
0.143512
0.150119
0.149200
0.147867
0.147072
0.152408
0.148785
0.148920
0.149722
0.150038
0.151198
0.153566
0.144147
0.142383
0.148590
0.147737
0.149177
0.152855
0.150460
0.149340
0.141972
0.153500
0.151039
0.153220
0.152913
0.153664
0.151299
0.154432
0.151825
0.150295
0.150635
0.149494
0.146562
0.152104
0.153485
0.152484
0.151713
0.150040
0.152742
0.151065
0.147136
0.147232
0.150861
0.152708
0.154447
0.150517
0.153766
0.150918
0.154155
0.154317
0.151192
0.149536
0.151024
0.149286
0.154637
0.151065
0.153975
0.151190
0.154918
0.149527
0.154399
0.152212
0.153793
0.148581
0.154465
0.150516
0.153188
0.152431
0.151640
0.154556
0.150170
0.151182
0.154163
0.154031
0.153976
0.153839
0.149359
0.154577
0.154091
0.154533
0.153931
0.152481
0.154377
0.154193
0.152016
0.154322
0.150968
0.154251
0.152628
0.150649
0.151021
0.154683
0.151224
0.154223
0.153884
0.154057
0.151354
0.153806
0.150071
0.149284
0.154848
0.151533
0.154459
0.152863
0.150885
0.154238
0.154170
0.152862
0.154229
0.152815
0.154201
0.154558
0.154240
0.152878
0.151441
0.154688
0.154292
0.154525
0.151890
0.153888
0.153154
0.154271
0.151507
0.151310
0.150460
0.151668
0.153519
0.150284
0.155048
0.152475
0.152598
0.150475
0.153690
0.151333
0.150742
0.150821
0.154044
0.153635
0.147814
0.152149
0.152797
0.152108
0.149684
0.154250
0.153774
0.154742
0.153349
0.153340
0.154222
0.148691
0.152528
0.148002
0.153693
0.150338
0.151445
0.154453
0.150220
0.154514
0.151085
0.153553
0.152899
0.151419
0.151463
0.150802
0.153166
0.150734
0.151527
0.154594
0.150301
0.152825
0.154176
0.151401
0.151250
0.152315
0.151208
0.150469
0.153156
0.151122
0.150711
0.144921
0.145672
0.150627
0.154187
0.150069
0.154155
0.153929
0.151170
0.152808
0.150073
0.153265
0.150993
0.154110
0.154234
0.151287
0.149147
0.152514
0.147424
0.147110
0.149728
0.146651
0.152514
0.150022
0.145283
0.150855
0.147121
0.150615
0.154470
0.149835
0.152956
0.150112
0.152437
0.154385
0.152797
0.150565
0.152937
0.150790
0.150451
0.149676
0.149831
0.154097
0.148588
0.153946
0.154305
0.149536
0.154217
0.151215
0.151388
0.151882
0.151374
0.154454
0.149460
0.153860
0.146660
0.151367
0.153702
0.149947
0.154726
0.149944
0.154164
0.153347
0.154512
0.151574
0.151461
0.152866
0.150212
0.154100
0.154328
0.149410
0.154209
0.149066
0.153875
0.153506
0.154186
0.152681
0.154781
0.153179
0.154147
0.152901
