0.11852790000000002
0.1313223
0.13172829999999996
0.1319613
0.13190839999999998
0.13116640000000002
0.13137970000000002
0.1315377
0.1289498
0.12960000000000002
0.129378
0.1291325
0.1300484
0.1312734
0.13130360000000002
0.13018760000000001
0.1307621
0.1259959
0.1290723
0.1309239
0.13112210000000002
0.1317248
0.1304145
0.12777329999999998
0.12677520000000003
0.1278837
0.13000330000000002
0.13139540000000002
0.1307898
0.1313683
0.1311573
0.1321838
0.1319362
0.13234359999999998
0.1319963
0.1315504
0.1319816
0.13185609999999998
0.1318534
0.1319448
0.13148829999999997
0.13178689999999998
0.132111
0.12735000000000002
0.12479970000000003
0.12632859999999999
0.1295325
0.12929949999999998
0.1283333
0.12412489999999998
0.125601
