0.13703060000000003
0.1521153
0.15178989999999998
0.1534776
0.1506828
0.14828129999999998
0.14632810000000002
0.1498511
0.1475022
0.146305
0.1508931
0.1500996
0.1512587
0.1515002
0.1525062
0.15178940000000002
0.15147870000000002
0.15172519999999998
0.15233230000000003
0.152446
0.15193879999999998
0.15165599999999999
0.15071439999999997
0.14880730000000003
0.1470746
0.1485478
0.15102620000000003
0.15130290000000002
0.1510514
0.1520105
0.15227890000000005
0.1525347
0.1535489
0.1527974
0.15261569999999997
0.15362040000000002
0.1526192
0.152151
0.15243020000000002
0.1516932
0.15211619999999998
0.1521695
0.1506563
0.15158549999999998
0.14943689999999998
0.15172650000000001
0.15167990000000003
0.1517432
0.1526508
0.152904
0.15290100000000001
